1 1 1 1 1 1 1 1 1 1 1 1 1 1 1 1
1 0 0 0 0 0 0 0 0 0 0 0 0 0 0 1
1 0 0 0 0 0 0 0 0 0 0 0 0 0 0 1
<<<<<<< HEAD
1 0 0 0 1 0 0 1 0 0 0 0 0 0 0 1
1 0 0 0 1 1 1 1 1 1 0 0 0 0 0 1
1 0 0 0 0 1 0 0 0 0 0 0 0 0 0 1
1 0 0 0 0 0 0 0 0 0 0 0 0 0 0 1
1 0 0 0 0 0 0 2 2 2 2 0 0 0 0 1
1 0 0 0 0 0 0 2 2 2 2 0 0 0 0 1
1 0 0 0 0 0 0 2 2 2 2 0 0 0 0 1
1 0 0 0 0 0 0 2 2 2 2 0 0 0 0 1
=======
1 0 0 0 1 1 0 0 0 0 0 0 0 0 0 1
1 0 0 1 0 0 0 0 0 0 0 0 0 0 0 1
1 0 0 1 0 1 1 1 1 0 0 0 0 0 0 1
1 0 0 1 0 1 0 0 0 0 0 0 0 0 0 1
1 0 0 1 0 1 0 2 2 2 2 0 0 0 0 1
1 0 0 1 0 1 0 2 2 2 2 0 0 0 0 1
1 0 0 1 0 1 0 2 2 2 2 0 0 0 0 1
1 0 0 1 0 1 0 2 2 2 2 0 0 0 0 1
>>>>>>> 8d028b7fa989e7a35b6b3dad576f5ded10c15d08
1 1 1 1 1 1 1 1 1 1 1 1 1 1 1 1